Windows_IP: '192.168.1.23'
ServerPort: 8090
AuboIP: '192.168.1.11'
EE_DIS_TCP: 0.0
TBC: [-0.50051 ,-0.01687, 0.86557 ,-0.12167370 ,
-0.86550, -0.01315, -0.50073 ,0.00294699 
,0.01983 ,-0.99977, -0.00802 ,0.69768400 ,0,0,0,1 ]
StartPoint: [6.914,57.896,147.5397,93.8056,87.2035,10.226]
StartPointTest: [6.914,57.896,147.5397,93.8056,87.2035,10.226]
StartPointXYZ_IN_EE: [0.131667,-0.407772,0.690445]
Aubomaxacctuple: [0.5, 0.5, 0.5, 0.5, 0.5, 0.5]
Aubomaxvelctuple: [0.5, 0.5, 0.5, 0.5, 0.5, 0.5]