Windows_IP: '192.168.1.23'
ServerPort: 8090
AuboIP: '192.168.1.115'
EE_DIS_TCP: 0.13
TBC: [0.06787 ,-0.03428, 0.99710 ,0.24361234,
-0.99755 ,0.01493, 0.06842, -0.25666829,
-0.01723 ,-0.99930, -0.03318, 0.75667707
 ,0,0,0,1 ]
StartPoint: [23.33,59.92,153.939,90.712,69.41,1.07]
StartPointTest: [6.914,57.896,147.5397,93.8056,87.2035,10.226]
StartPointXYZ_IN_TCP: [0.493075,-0.153963,0.576235]
Aubomaxacctuple: [0.5, 0.5, 0.5, 0.5, 0.5, 0.5]
Aubomaxvelctuple: [0.5, 0.5, 0.5, 0.5, 0.5, 0.5]
Aubominacctuple:  [0.1,0.1,0.1,0.1,0.1,0.1]
Aubominvelctuple: [0.1,0.1,0.1,0.1,0.1,0.1]